0851
0715
0232
0513
0409
0385
0855
0983
0442
0799
0115
0047
0543
0425
0905
0290
0017
0628
0870
0222
0207
0676
0771
0650
0090
0973
0749
0539
0042
0548
0304
0592
0035
0593
0246
0906
0880
0447
0793
0903
0082
0436
0525
0375
0157
0889
0857
0917
0832
0180
0577
0922
0677
0961
0932
0864
0860
0234
0572
0588
0804
0937
0866
0484
0397
0940
0330
0756
0607
0498
0414
0166
0580
0624
0727
0196
0168
0091
0278
0080
0594
0460
0842
0190
0665
0959
0839
0686
0008
0205
0453
0302
0384
0846
0359
0597
0919
0444
0102
0201
0978
0037
0596
0345
0399
0888
0986
0873
0883
0363
0138
0113
0784
0289
0834
0098
0038
0391
0128
0449
0301
0792
0653
0532
0815
0623
0329
0656
0476
0103
0775
0386
0574
0582
0924
0018
0768
0191
0520
0470
0469
0938
0350
0355
0682
0693
0261
0689
0139
0719
0402
0135
0260
0408
0360
0136
0250
0011
0910
0251
0084
0051
0322
0587
0209
0441
0872
0507
0071
0010
0490
0007
0179
0871
0193
0274
0001
0759
0286
0630
0105
0767
0353
0896
0708
0852
0323
0861
0723
0884
0697
0805
0344
0962
0092
0591
0934
0909
0658
0153
0104
0930
0458
0063
0277
0257
0237
0100
0422
0154
0430
0702
0810
0581
0036
0614
0681
0270
0878
0670
0328
0820
0142
0299
0365
0066
0439
0699
0840
0445
0609
0685
0737
0465
0646
0119
0269
0474
0830
0379
0392
0724
0241
0551
0293
0376
0739
0494
0881
0262
0284
0811
0772
0137
0731
0059
0502
0995
0640
0801
0722
0107
0602
0635
0333
0258
0352
0398
0421
0126
0459
0994
0247
0684
0674
0446
0320
0239
0057
0160
0012
0281
0734
0833
0667
0000
0616
0213
0984
0029
0977
0516
0342
0151
0579
0338
1004
0456
0712
0228
0340
0552
0156
0729
0178
0649
0404
0863
0660
0101
0150
0479
0183
0545
0096
0268
0654
0950
0505
0823
0280
0030
0953
0069
0093
0216
0495
0925
0514
0377
0651
0661
1009
0573
0710
0692
0016
0673
0748
0431
0921
0996
0423
0764
0835
0348
0117
0652
0752
0145
0798
0383
0308
0627
0631
0204
0941
0547
0850
0567
0255
0639
0989
0504
0900
0877
0776
0522
0362
0198
0332
0161
0966
0527
0110
0690
0695
0544
0956
0388
0189
0638
0533
0435
0418
0013
0644
0493
0351
0558
0372
0943
0291
0570
0175
0564
0565
0859
0396
0709
0521
0687
0086
0169
0648
0598
0662
0758
0085
0067
0041
0443
0813
0288
0434
0858
0378
0879
0176
0174
0337
0347
0134
0184
0743
0285
0981
1006
0401
0633
0088
0555
0478
0432
0604
0031
1011
0389
0926
0550
0503
0256
0186
0215
0267
0381
0517
0918
0824
0585
0914
0958
0212
0429
0538
0936
0263
0477
0249
0060
0045
0185
0890
0303
0990
0519
0341
0790
0590
0671
0072
0450
0534
0578
0003
0789
0480
0109
0762
0595
0078
0081
0750
0636
0965
0560
0643
0816
0321
0265
0457
0732
0276
0949
0367
0511
0032
0838
0821
0468
0760
0622
0807
0357
0121
0199
0259
0782
0187
0149
0603
0672
0717
0133
0416
0817
0287
0062
0757
0891
0882
0451
0988
0773
0297
0370
0742
0929
0868
0530
0206
0488
0600
0606
0794
0188
0611
0869
0327
0253
0224
0786
0549
0728
0730
0761
0272
0735
0971
0754
0629
0952
0171
0292
0612
0466
0368
0725
0836
0939
0568
0559
0843
0819
0046
0387
0050
0390
0275
0837
0055
0106
0094
0343
0913
0713
0720
0745
0491
0795
0540
0112
0463
0223
0849
0854
0586
0688
0075
0346
0827
0225
0461
0615
0132
0170
0571
0642
0295
0733
0528
0240
0802
0845
0620
0613
0969
0721
0420
0122
0803
0707
0515
0424
0336
0200
0155
0339
0518
0999
0440
0892
0781
1002
0254
0985
0716
0666
0248
0974
0077
0976
0313
0523
0954
0214
0744
0271
0283
0044
1000
0238
0364
0668
0991
0027
0065
0509
0410
0698
0230
0464
0626
0300
0217
0796
0848
0847
0361
0454
0070
0583
0746
0483
0087
0192
0865
0898
0236
0955
0647
0413
0373
0537
0163
0095
0015
0875
0009
0141
0822
0202
0645
0487
0874
0054
0740
0380
0208
0931
0195
0704
0221
0165
0818
0960
0123
0825
0927
0356
0040
0755
0127
0437
0395
0158
0182
0242
0315
0415
0887
0120
0252
0542
0279
0306
0173
0143
0393
0911
0923
0700
0599
0146
0324
0305
0557
0499
0026
0319
0741
0131
0928
0021
0935
0718
0897
0294
0829
0203
0912
0553
0738
0657
0957
0428
0885
0831
0895
0312
0812
0556
0005
0501
0394
0382
0231
0787
0417
0244
0584
0853
0317
1005
0481
0020
0783
0920
0497
0220
0675
0541
0797
0766
0770
0711
0296
0808
1007
0412
0982
0245
0696
0664
0575
0083
0074
0736
0426
0144
0152
0694
0637
0358
0706
0024
0619
0814
0714
0634
0979
0561
0298
0683
0326
0576
0316
0625
0506
0485
0433
0226
0886
0800
0023
0980
0531
0025
0993
0273
0049
0777
0778
0471
0114
0227
0331
0282
0405
0691
0899
0944
0403
0907
0407
0475
0210
0785
0972
0004
0791
0524
0125
0177
0617
0056
0438
0632
0366
0678
0947
0448
0546
0172
0089
0266
0309
0486
0769
0076
0053
1010
0942
0411
0264
0229
0130
0140
0809
0452
0618
0022
0841
0893
0992
0663
0970
0669
0779
0167
0964
0510
0374
0862
0311
0073
0763
0048
0325
1003
0061
0079
0349
0455
0705
0826
0218
0774
0751
0307
0369
0233
0904
0951
0867
0765
0508
0780
0569
0987
0014
0788
0197
0554
0915
0562
0529
0028
0462
0948
0679
0058
0967
0902
0901
0535
0933
0489
0608
0181
0006
0419
0406
0500
0492
1008
0828
0034
0916
0482
0659
0806
0099
0334
0039
0605
0064
0318
0354
1001
0753
0159
0235
0908
0997
0108
0747
0536
0496
0963
0124
0526
0097
0473
0162
0998
0118
0601
0043
0400
0467
0703
0019
0589
0219
0975
0164
0655
0116
0641
0147
0148
0968
0194
0211
0129
0680
0563
0701
0876
0068
0894
0945
0512
0472
0314
0610
0310
0566
0335
0033
0243
0946
0427
0856
0052
0726
0002
0844
0371
0111
0621
